Accuracy: 0.943100
Loss: 0.193427

